我现在给你如下数据：
id	issue	draw_date	red1	red2	red3	red4	red5	red6	blue
1	26045	2026-04-23	4	11	15	17	24	30	15
2	26044	2026-04-21	2	14	17	18	22	30	1
3	26043	2026-04-19	6	9	14	16	25	32	16
4	26042	2026-04-16	2	7	12	19	24	31	10
5	26041	2026-04-14	2	8	10	17	19	24	13
6	26040	2026-04-12	3	4	14	22	23	33	4
7	26039	2026-04-09	8	17	18	21	25	30	5
8	26038	2026-04-07	1	2	13	23	25	27	5
9	26037	2026-04-05	11	22	27	29	31	33	12
10	26036	2026-04-02	6	10	12	15	22	28	8
规则如下：
1.red1,red2,red3,red4,red5,red6的数字范围都在[1,33]，并且red1<red2<red3<red4<red5<red6
2.blue的的数字范围都在[1,16]，

请你根据数据和规则找规律，生成5条数据